100
81 98
-24 -54
-42 0
-1 89
-9 -41
-87 93
13 61
3 -54
2 -27
-39 -9
-3 49
-81 73
-12 53
-98 -21
-61 37
96 -8
50 -29
68 22
84 -14
-97 8
41 73
-22 -77
18 58
39 33
84 -36
18 72
24 92
-69 55
19 -76
83 95
-65 -29
-77 -38
-54 9
46 78
-40 19
86 -82
31 75
14 74
-15 48
-15 -86
-10 36
-70 4
20 45
-24 76
-53 -34
28 0
-51 40
-45 23
-1 -13
38 -40
2 -80
-30 93
93 19
-12 -3
75 27
-42 -66
0 2
70 22
53 -97
-76 -91
17 -35
-86 74
83 -49
72 36
-55 98
-100 54
79 -68
53 -10
-79 22
98 -59
-53 -86
78 -65
63 -43
-38 27
16 48
-76 -96
-87 41
-12 95
40 25
-57 -9
-99 99
11 80
84 -19
14 -40
22 41
98 -76
-50 59
15 92
-1 -24
-84 84
-58 -62
-29 -4
-81 -12
-45 21
31 -24
35 -99
-63 78
13 -50
3 -52
-71 50
